0.0707    0.0186   -0.0674   -0.0905   -0.0685   -0.0544   -0.0685   -0.0905   -0.0674    0.0186    0.0707
0.0186   -0.0840   -0.0544    0.0517    0.1121    0.1237    0.1121    0.0517   -0.0544   -0.0840    0.0186
-0.0674   -0.0544    0.0951    0.1110    0.0065   -0.0466    0.0065    0.1110    0.0951   -0.0544   -0.0674
-0.0905    0.0517    0.1110   -0.1036   -0.2172   -0.1892   -0.2172   -0.1036    0.1110    0.0517   -0.0905
-0.0685    0.1121    0.0065   -0.2172    0.1089    0.4546    0.1089   -0.2172    0.0065    0.1121   -0.0685
-0.0544    0.1237   -0.0466   -0.1892    0.4546    1.0000    0.4546   -0.1892   -0.0466    0.1237   -0.0544
-0.0685    0.1121    0.0065   -0.2172    0.1089    0.4546    0.1089   -0.2172    0.0065    0.1121   -0.0685
-0.0905    0.0517    0.1110   -0.1036   -0.2172   -0.1892   -0.2172   -0.1036    0.1110    0.0517   -0.0905
-0.0674   -0.0544    0.0951    0.1110    0.0065   -0.0466    0.0065    0.1110    0.0951   -0.0544   -0.0674
0.0186   -0.0840   -0.0544    0.0517    0.1121    0.1237    0.1121    0.0517   -0.0544   -0.0840    0.0186
0.0707    0.0186   -0.0674   -0.0905   -0.0685   -0.0544   -0.0685   -0.0905   -0.0674    0.0186    0.0707